0 21 -21 -11 11 0
21 0 -57 4 32 85
-21 -57 114 25 -60 -85
-11 4 25 -4 -14 -43
11 32 -60 -14 32 43
0 85 -85 -43 43 0
